Point to generaate
10
Take number
17
Type of simulation
Point simulation with limits and noise
Begin time
2020-08-07 11:48:07
y	x
0.7	1
m	q	Noise points
-0.0332848	0.733285	( 1 , 576)	( 2 , 4356)
-0.098239	0.798239	( 0 , 11479)	( 1 , 11956)	( 1 , 7922)
0.123069	0.576931
-0.0878468	0.787847	( 0 , 10010)	( 1 , 19210)	( 1 , 2339)
0.118308	0.581692	( 0 , 1834)	( 1 , 16280)	( 1 , 10759)
-0.00482844	0.704828	( 2 , 18747)
-0.0310367	0.731037	( 1 , 10780)	( 2 , 5602)	( 2 , 2189)
-0.0505651	0.750565	( 0 , 10915)	( 2 , 7229)
0.0408057	0.659194	( 0 , 6640)	( 0 , 7416)	( 1 , 2164)	( 2 , 2294)	( 2 , 7885)
0.205866	0.494134	( 0 , 19780)	( 2 , 9857)
Number of m and q generated
11
