Point to generaate
10
Take number
21
Type of simulation
Point simulation with limits and noise
Begin time
2020-08-07 13:12:01
y	x
0.7	1
m	q	Noise points
0.163142	0.536858	( 0 , 19804)	( 1 , 9705)	( 2 , 16304)
-0.0442459	0.744246	( 0 , 11232)	( 0 , 6509)	( 1 , 15321)	( 1 , 18685)	( 2 , 3285)
0.160098	0.539902	( 0 , 2868)	( 2 , 17164)
-0.0632094	0.763209	( 0 , 6903)	( 2 , 16506)
-0.0920601	0.79206	( 0 , 14496)	( 0 , 7354)	( 1 , 1411)
-0.0518118	0.751812	( 0 , 10795)	( 1 , 18300)	( 2 , 17693)
0.0901838	0.609816	( 0 , 19515)	( 2 , 10742)
0.0133708	0.686629	( 0 , 8771)	( 2 , 19218)
0.201407	0.498593	( 1 , 11454)	( 2 , 527)
0.124881	0.575119	( 0 , 2475)	( 2 , 6446)
Number of m and q generated
11
