Original data file
Take number
94
Point to generate
30
Type of simulation
Point simulation with limits and noise
Begin time
2020-08-29 12:49:52
y	x
0.7	1
m	q	Noise points
-0.0305092	0.730509	( 2 , 3949)
0.0629655	0.637035	( 0 , 3919)
0.0202704	0.67973
0.142444	0.557556	( 0 , 4398)	( 2 , 2934)
0.21053	0.48947
-0.0264912	0.726491	( 2 , 19368)	( 0 , 5863)
0.156912	0.543088	( 1 , 18187)	( 2 , 17682)
0.150247	0.549753	( 1 , 3560)
0.222038	0.477962	( 1 , 1556)	( 0 , 16929)
-0.0513665	0.751366	( 1 , 15073)	( 2 , 6534)	( 0 , 15542)
0.113244	0.586756	( 0 , 6018)	( 2 , 12555)
0.0013537	0.698646	( 2 , 6745)
0.168552	0.531448	( 2 , 8196)	( 0 , 11861)	( 1 , 15681)
0.200871	0.499129	( 0 , 19496)
0.0536628	0.646337
0.136001	0.563999	( 2 , 17719)	( 1 , 15143)
0.0517318	0.648268	( 0 , 17957)	( 2 , 14599)
0.0997458	0.600254	( 1 , 1656)
0.212715	0.487285	( 2 , 5141)
0.0836406	0.616359
0.134469	0.565531	( 1 , 101)
-0.0661189	0.766119	( 0 , 3680)
0.0225884	0.677412	( 1 , 11237)	( 0 , 3322)	( 2 , 6113)
0.219617	0.480383	( 1 , 2910)
0.0934473	0.606553	( 2 , 3328)
0.202181	0.497819
0.189285	0.510715
0.182215	0.517785	( 0 , 753)	( 1 , 4969)	( 0 , 9893)
0.0154184	0.684582	( 2 , 11294)
0.105517	0.594483
Number of m and q generated
30
