Original data file
Take number
97
Point to generate
30
Type of simulation
Point simulation with limits and noise
Begin time
2020-08-29 12:56:25
y	x
0.7	1
m	q	Noise points
0.0867162	0.613284	( 0 , 17203)	( 2 , 19729)
0.19464	0.50536	( 2 , 10629)
0.110828	0.589172
0.205017	0.494983	( 1 , 2958)
0.0842963	0.615704	( 2 , 3228)
0.0103531	0.689647	( 0 , 17641)	( 0 , 18616)	( 2 , 2177)
0.0263786	0.673621	( 1 , 8680)
-0.0677707	0.767771	( 0 , 10716)
0.091423	0.608577	( 1 , 9603)	( 1 , 17278)
-0.0863775	0.786377	( 1 , 9626)
-0.0770044	0.777004	( 2 , 13184)
-0.058545	0.758545	( 0 , 12491)	( 1 , 1038)	( 2 , 18108)
-0.0382277	0.738228	( 0 , 8551)	( 2 , 15525)
0.0624938	0.637506
-0.0369799	0.73698
0.101003	0.598997	( 2 , 5895)
0.00960608	0.690394
-0.0643653	0.764365	( 1 , 14680)
0.120805	0.579195	( 0 , 15718)	( 1 , 9978)
-0.0800672	0.780067	( 1 , 7398)
0.124057	0.575943	( 1 , 2180)
0.167013	0.532987	( 2 , 9069)
0.198454	0.501546	( 1 , 10541)	( 2 , 2242)	( 0 , 19748)
0.116943	0.583057	( 0 , 4038)
0.0363984	0.663602	( 2 , 14095)	( 0 , 13681)	( 1 , 6989)
-0.0373968	0.737397	( 2 , 15226)	( 2 , 9390)
0.0862893	0.613711
0.220167	0.479833	( 0 , 2012)	( 2 , 12618)	( 1 , 17277)	( 0 , 12049)
-0.0977004	0.7977	( 2 , 15135)	( 0 , 13299)
-0.0919906	0.791991	( 0 , 18117)
Number of m and q generated
30
