Original data file
Take number
87
Point to generate
50
Type of simulation
Point simulation with limits and noise
Begin time
2020-08-29 12:35:17
y	x
0.7	1
m	q	Noise points
-0.097357	0.797357
-0.0104623	0.710462	( 0 , 4321)	( 2 , 6574)
0.193294	0.506706
0.219555	0.480445	( 0 , 16768)	( 2 , 9788)	( 0 , 10686)
-0.0615459	0.761546	( 0 , 517)
0.144163	0.555837
-0.0305287	0.730529	( 0 , 246)
-0.0776697	0.77767
-0.0994607	0.799461
0.085425	0.614575	( 1 , 7004)
0.048994	0.651006	( 2 , 13865)
0.138022	0.561978	( 1 , 19137)	( 2 , 9300)
-0.0998823	0.799882	( 1 , 1516)
-0.0424195	0.74242	( 0 , 7755)	( 2 , 5648)
-0.0860541	0.786054	( 1 , 12512)
0.0239669	0.676033	( 2 , 17210)
0.174762	0.525238	( 2 , 581)
0.0848476	0.615152	( 0 , 18546)	( 2 , 19248)
7.50179e-05	0.699925	( 2 , 9328)	( 2 , 19635)
-0.0521624	0.752162	( 0 , 9505)
-0.0980891	0.798089	( 2 , 13656)
0.183109	0.516891	( 2 , 18060)	( 0 , 18090)
-0.0915573	0.791557	( 0 , 11931)	( 0 , 18895)
0.165622	0.534378	( 2 , 12607)
0.161497	0.538503
-0.0300939	0.730094	( 0 , 8073)	( 0 , 5561)
0.0296525	0.670348	( 2 , 9727)	( 0 , 12421)	( 2 , 14880)	( 1 , 6529)
0.115646	0.584354	( 2 , 19216)	( 0 , 4626)	( 0 , 971)
0.126921	0.573079
0.0867379	0.613262	( 0 , 17167)
0.188904	0.511096	( 0 , 2682)
0.0861801	0.61382	( 1 , 3521)	( 0 , 3118)	( 2 , 15186)
0.0529898	0.64701
0.140356	0.559644	( 2 , 15711)
0.186897	0.513103	( 2 , 19980)	( 1 , 9898)
0.0837753	0.616225	( 2 , 5272)
0.134167	0.565833	( 0 , 7162)
-0.0329734	0.732973	( 1 , 14338)	( 2 , 12673)
0.0860281	0.613972	( 1 , 595)	( 0 , 666)
-0.0361703	0.73617	( 1 , 13351)	( 0 , 12025)
-0.028487	0.728487	( 2 , 4948)	( 0 , 13820)
0.0194071	0.680593	( 1 , 5869)
0.00537846	0.694622	( 1 , 10546)
-0.0707082	0.770708	( 2 , 5431)
0.220027	0.479973	( 2 , 14836)
0.142721	0.557279	( 1 , 8694)	( 0 , 17387)	( 2 , 3149)
0.189317	0.510683	( 1 , 12144)
-0.0236315	0.723632
0.125533	0.574467	( 1 , 7069)	( 0 , 18345)	( 2 , 192)
-0.0130126	0.713013	( 2 , 7067)	( 0 , 455)
Number of m and q generated
50
