Original data file
Take number
93
Point to generate
100
Type of simulation
Point simulation with limits and noise
Begin time
2020-08-29 12:47:37
y	x
0.7	1
m	q	Noise points
0.189783	0.510216	( 2 , 18483)	( 0 , 7552)
-0.0522262	0.752226	( 0 , 5549)	( 1 , 19135)
0.144193	0.555807	( 1 , 1175)	( 2 , 19794)
0.137908	0.562092	( 0 , 8578)	( 2 , 6669)	( 1 , 18676)
-0.0390027	0.739003	( 2 , 845)	( 1 , 5031)
0.145762	0.554238	( 2 , 3243)	( 0 , 2977)
-0.0859203	0.78592
-0.0115444	0.711544
0.144659	0.555341
0.0832203	0.61678
-0.0780768	0.778077
0.195217	0.504783
0.176805	0.523195	( 1 , 11954)
0.105489	0.594511	( 1 , 7142)	( 2 , 15058)
-0.0763937	0.776394
-0.0852139	0.785214	( 1 , 1675)	( 1 , 8737)	( 2 , 389)
0.00579376	0.694206	( 1 , 19876)
0.0888135	0.611186	( 2 , 3142)	( 0 , 191)
-0.0304148	0.730415	( 0 , 11039)
0.149888	0.550112	( 0 , 12666)	( 2 , 18181)	( 1 , 16901)
-0.0652815	0.765281	( 1 , 8511)
0.00709901	0.692901	( 1 , 16673)	( 0 , 4511)
0.20611	0.49389	( 0 , 16744)	( 1 , 973)
0.186263	0.513737
-0.0295942	0.729594	( 0 , 4372)
0.166967	0.533033	( 1 , 14644)
0.18907	0.51093	( 2 , 3909)	( 2 , 848)
0.0628779	0.637122	( 1 , 8667)
0.0703327	0.629667	( 0 , 4331)
-0.0304163	0.730416	( 1 , 10074)
-0.0023769	0.702377	( 0 , 18274)	( 2 , 11794)
-0.0824333	0.782433	( 0 , 19332)
0.0352285	0.664771	( 1 , 12033)
0.00778413	0.692216
-0.0200317	0.720032	( 1 , 17291)	( 0 , 14207)
0.0212532	0.678747	( 2 , 6918)	( 1 , 14782)
0.108422	0.591578	( 0 , 4563)
0.0669438	0.633056	( 2 , 10425)	( 0 , 4074)
0.134139	0.565861
0.0319868	0.668013	( 1 , 591)	( 2 , 13981)
-0.0461168	0.746117	( 0 , 4722)
-0.0578116	0.757812	( 2 , 1147)	( 0 , 18264)
-0.0528302	0.75283	( 2 , 5708)
0.0204513	0.679549
0.141309	0.558691	( 2 , 18052)	( 1 , 1029)
-0.0885268	0.788527	( 0 , 16881)
0.214076	0.485924	( 0 , 10477)
0.190058	0.509942	( 1 , 15460)
0.230493	0.469507	( 1 , 18215)	( 2 , 2717)	( 2 , 13430)
0.167486	0.532514	( 0 , 1942)	( 0 , 3259)
0.149961	0.550039
-0.0312271	0.731227	( 0 , 17289)	( 2 , 18118)
0.181046	0.518954	( 0 , 2787)
0.204045	0.495955	( 1 , 2241)	( 1 , 2100)	( 2 , 14177)	( 0 , 5910)
0.124652	0.575348
0.223791	0.476209	( 2 , 19061)
0.19513	0.50487	( 0 , 19586)	( 2 , 18298)
-0.00318178	0.703182	( 1 , 13540)
0.217998	0.482002	( 1 , 19481)
-0.0598233	0.759823	( 0 , 8515)	( 2 , 14882)
0.193016	0.506984	( 2 , 1559)
-0.00725295	0.707253	( 1 , 5222)
0.224172	0.475828	( 2 , 19523)
-0.0690688	0.769069	( 2 , 18231)
-0.0260014	0.726001	( 1 , 18584)	( 0 , 15347)
-0.0363541	0.736354
0.104671	0.595329	( 2 , 17779)	( 1 , 8879)
-0.0365355	0.736535	( 0 , 1234)	( 2 , 3334)
0.082771	0.617229
0.227776	0.472224	( 1 , 18965)	( 0 , 5558)
0.150639	0.549361	( 0 , 15059)
-0.0245084	0.724508	( 1 , 10883)	( 0 , 3119)
0.159636	0.540364	( 0 , 10216)	( 1 , 16889)
0.174067	0.525933	( 2 , 17913)	( 2 , 16754)
0.179709	0.520291	( 0 , 1866)
-0.0967011	0.796701	( 2 , 7894)	( 1 , 212)	( 2 , 13417)	( 0 , 17503)
0.149972	0.550028	( 2 , 13243)	( 0 , 11107)
0.127807	0.572193	( 1 , 12755)
-0.0489471	0.748947
0.0643873	0.635613	( 1 , 12659)
0.208676	0.491324	( 2 , 12913)
-0.0103465	0.710346	( 1 , 8015)
0.149648	0.550352	( 1 , 15723)	( 0 , 2187)	( 2 , 17015)
0.18724	0.51276
0.0662408	0.633759	( 0 , 9888)
0.195852	0.504148	( 0 , 6169)	( 1 , 4302)
0.160037	0.539963
0.134279	0.565721	( 2 , 5324)	( 0 , 4601)
-0.0440533	0.744053	( 2 , 14001)	( 0 , 3599)	( 0 , 18329)	( 1 , 8739)
0.126046	0.573954
0.0748594	0.625141	( 0 , 10822)	( 1 , 1879)
-0.0495893	0.749589	( 1 , 5566)
0.0669861	0.633014
0.0789095	0.621091	( 0 , 4517)	( 2 , 19954)
0.114562	0.585438
0.0390261	0.660974	( 2 , 17003)	( 0 , 17306)
0.214686	0.485314	( 2 , 5664)	( 1 , 766)
0.0683824	0.631618	( 2 , 13589)	( 1 , 15514)	( 0 , 7947)
0.187202	0.512798	( 0 , 5777)	( 2 , 15025)
-0.0648674	0.764867	( 1 , 2507)	( 0 , 8215)
Number of m and q generated
100
