Original data file
Take number
92
Point to generate
100
Type of simulation
Point simulation with limits and noise
Begin time
2020-08-29 12:45:59
y	x
0.7	1
m	q	Noise points
0.190237	0.509763
0.181179	0.518821	( 2 , 15564)
0.20008	0.49992
0.199802	0.500198	( 0 , 11787)	( 2 , 13605)
0.150448	0.549552	( 1 , 11734)	( 0 , 7680)
-0.0445061	0.744506	( 0 , 10939)
-0.0787263	0.778726	( 1 , 18598)
0.104411	0.595589	( 2 , 13207)	( 1 , 16523)
0.0801734	0.619827	( 1 , 10651)
0.191428	0.508572	( 0 , 2222)
-0.00822388	0.708224	( 1 , 194)	( 1 , 2483)	( 2 , 4655)
0.219059	0.480941	( 0 , 6451)
0.0874308	0.612569	( 2 , 17279)
-0.0612491	0.761249	( 0 , 12192)	( 2 , 5262)
0.201441	0.498559	( 2 , 1798)
-0.0566311	0.756631	( 2 , 9547)
0.140171	0.559829
0.102574	0.597426	( 1 , 17662)	( 1 , 18774)
-0.0597339	0.759734	( 1 , 12877)
0.191147	0.508853	( 0 , 7967)
0.104058	0.595942
0.126567	0.573433	( 1 , 2803)
0.106205	0.593795	( 0 , 17847)
0.145182	0.554818	( 2 , 441)	( 0 , 2840)
0.0519752	0.648025	( 0 , 1645)	( 1 , 355)	( 1 , 10691)
0.166383	0.533617	( 0 , 18342)
-0.0247466	0.724747
0.187077	0.512923
0.017165	0.682835	( 2 , 9517)
0.0675266	0.632473
-0.034961	0.734961	( 1 , 15207)
-0.0117149	0.711715	( 2 , 19412)	( 2 , 11860)	( 0 , 7651)
-0.0238023	0.723802
-0.028398	0.728398	( 2 , 8010)
0.0324103	0.66759	( 2 , 18821)
-0.0180386	0.718039	( 0 , 19277)	( 2 , 17697)
0.130729	0.569271	( 1 , 16827)	( 0 , 10092)
0.00236388	0.697636	( 0 , 145)
-0.0924954	0.792495	( 0 , 15766)
-0.00709084	0.707091	( 2 , 10405)	( 1 , 19965)	( 0 , 1056)
0.0478278	0.652172	( 1 , 1155)
0.0817849	0.618215	( 0 , 3333)
0.200518	0.499482
0.0424131	0.657587	( 0 , 2174)	( 1 , 19336)	( 0 , 2285)
0.124958	0.575042
0.154396	0.545604	( 1 , 4828)
-0.0784618	0.778462	( 1 , 2081)
0.0967119	0.603288
0.0105303	0.68947	( 0 , 1959)
0.0111303	0.68887	( 0 , 19321)
0.0346895	0.665311	( 1 , 1892)	( 2 , 15503)
0.196417	0.503583	( 1 , 13732)
0.065394	0.634606
0.191204	0.508796	( 1 , 11635)	( 2 , 12716)
-0.0373192	0.737319	( 0 , 4709)
0.0333143	0.666686	( 1 , 5209)	( 0 , 12684)
-0.0854974	0.785497	( 0 , 18709)
0.0819975	0.618003	( 2 , 13643)	( 1 , 6786)
0.0943151	0.605685
0.227198	0.472802	( 1 , 16762)	( 0 , 10070)	( 2 , 15038)	( 0 , 11949)
0.102482	0.597518	( 0 , 3242)	( 2 , 3059)
0.170488	0.529512	( 2 , 4179)	( 0 , 5614)
0.0193196	0.68068
-0.0789179	0.778918
0.192914	0.507086
-0.0160062	0.716006
0.200428	0.499572	( 1 , 16458)	( 2 , 12563)
0.0913118	0.608688	( 0 , 4558)
0.212413	0.487587
0.232463	0.467537	( 2 , 5670)
0.207147	0.492853	( 0 , 5861)	( 1 , 3747)	( 1 , 18555)
0.0880652	0.611935	( 0 , 9591)
-0.0922479	0.792248	( 1 , 4719)	( 2 , 12062)	( 2 , 10762)
0.0244772	0.675523	( 0 , 5884)
-0.0429985	0.742999	( 2 , 19901)	( 1 , 13538)
0.0144928	0.685507
0.176887	0.523113	( 0 , 18182)	( 1 , 5048)
0.0473219	0.652678
-0.00278134	0.702781	( 0 , 19054)	( 2 , 19543)	( 1 , 5500)
0.00999436	0.690006	( 0 , 979)	( 1 , 15165)
0.179528	0.520472	( 1 , 15269)
0.0827466	0.617253	( 1 , 18306)
-0.036577	0.736577
0.0212465	0.678753
-0.0575017	0.757502	( 1 , 13660)
0.230026	0.469974	( 0 , 3750)
0.0524651	0.647535	( 0 , 2271)
0.133921	0.566079
0.15965	0.54035	( 2 , 3295)
0.085061	0.614939	( 1 , 17303)	( 1 , 13371)	( 2 , 8812)
0.0215228	0.678477
0.112431	0.587569	( 1 , 6039)	( 0 , 1680)
0.210278	0.489722	( 0 , 7056)
-0.0618661	0.761866
-0.0835044	0.783504
0.129191	0.570809	( 2 , 16101)	( 0 , 1626)
0.142569	0.557431	( 1 , 1917)
-0.0891315	0.789131	( 2 , 16155)	( 0 , 1665)
0.0998752	0.600125
0.0477816	0.652218	( 0 , 11609)	( 2 , 7598)
Number of m and q generated
100
