Point to generaate
100
Take number
6
Type of simulation
Point simulation with limits and noise
Begin time
2020-08-27 22:28:44
y	x
0.7	1
m	q	Noise points
0.097841	0.602159	( 1 , 6954)
0.219351	0.480649	( 1 , 10678)	( 0 , 11158)
0.00263348	0.697367
0.0896673	0.610333	( 1 , 17978)	( 2 , 19337)
0.000918656	0.699081	( 2 , 10470)
0.155301	0.544699	( 2 , 19342)
-0.0875902	0.78759	( 1 , 15829)	( 0 , 3004)	( 0 , 12178)
0.00930679	0.690693	( 1 , 3955)
0.0418499	0.65815	( 2 , 3646)
0.124256	0.575744	( 0 , 11828)
-0.0858257	0.785826	( 1 , 10525)	( 2 , 13456)	( 2 , 19382)
0.0616892	0.638311	( 1 , 14315)	( 2 , 7263)	( 0 , 1192)
0.179579	0.520421	( 2 , 19889)	( 0 , 12198)
-0.0864156	0.786416	( 1 , 18474)
0.173525	0.526475
-0.0638318	0.763832	( 1 , 13619)
0.0144263	0.685574	( 1 , 258)
-0.0103359	0.710336	( 1 , 7762)
0.077694	0.622306	( 1 , 18017)
0.0846505	0.61535	( 1 , 18372)
0.157587	0.542413	( 1 , 603)
-0.0575778	0.757578	( 2 , 6542)
-0.0976616	0.797662	( 0 , 7707)
0.11439	0.58561	( 0 , 235)	( 1 , 2046)	( 1 , 6752)	( 2 , 2799)
0.125589	0.574411	( 2 , 12343)	( 0 , 16704)	( 2 , 5761)	( 0 , 9556)	( 1 , 5281)
0.104999	0.595001	( 0 , 369)
0.154807	0.545193
-0.0468636	0.746864	( 1 , 1340)
0.158418	0.541582	( 2 , 11269)
0.231149	0.468851	( 2 , 7036)	( 0 , 19717)
0.10033	0.59967	( 0 , 2336)
0.22732	0.47268	( 0 , 8476)	( 2 , 1047)	( 1 , 18350)	( 2 , 10735)
-0.0639547	0.763955	( 1 , 19718)
0.196312	0.503688	( 2 , 140)
-0.0615231	0.761523	( 0 , 14532)
-0.0863768	0.786377	( 1 , 18775)
0.109073	0.590927	( 2 , 12455)	( 1 , 12559)
-0.0676926	0.767693	( 1 , 8989)	( 1 , 4518)
0.0517509	0.648249	( 2 , 3742)
0.148442	0.551558	( 1 , 4139)	( 0 , 14174)
0.199143	0.500857	( 0 , 3118)	( 2 , 8986)	( 1 , 7749)
0.144544	0.555456	( 2 , 6194)	( 0 , 18037)
0.166197	0.533803
0.0991484	0.600852
0.167401	0.532599	( 0 , 10141)
-0.00904577	0.709046	( 0 , 18185)
-0.0386676	0.738668
0.229566	0.470434	( 0 , 12828)
0.0399232	0.660077	( 2 , 8545)	( 0 , 1589)
0.152175	0.547825	( 0 , 17219)	( 1 , 3515)
0.116949	0.583051	( 1 , 13476)	( 0 , 4589)
-0.030998	0.730998	( 0 , 17478)	( 0 , 9705)	( 2 , 5903)
0.0750036	0.624996	( 0 , 5540)	( 1 , 5100)	( 1 , 5098)
0.225874	0.474126	( 2 , 15837)
0.181115	0.518885	( 0 , 18652)
0.101903	0.598097	( 1 , 1872)
-0.0243914	0.724391	( 1 , 17430)	( 2 , 1531)
0.0976666	0.602333	( 1 , 15706)
0.202023	0.497977	( 2 , 3744)
0.0156918	0.684308	( 2 , 16822)	( 0 , 18930)
0.035682	0.664318	( 2 , 4499)
0.0157814	0.684219	( 2 , 9559)	( 1 , 3389)
-0.0688788	0.768879	( 0 , 15719)	( 1 , 13377)
-0.0194969	0.719497	( 2 , 6690)	( 0 , 36)
0.056375	0.643625	( 0 , 3379)
0.143341	0.556659	( 1 , 19628)	( 2 , 14174)
-0.028295	0.728295	( 2 , 8344)
-0.0231124	0.723112
-0.00542212	0.705422	( 1 , 1473)	( 0 , 14485)	( 1 , 6367)	( 2 , 1304)
0.101196	0.598804	( 2 , 305)
0.142424	0.557576	( 1 , 3250)
-0.0935137	0.793514
-0.0199501	0.71995
-0.0113947	0.711395	( 2 , 3162)	( 0 , 2330)
0.0328197	0.66718	( 0 , 1188)
0.0872227	0.612777
0.073365	0.626635	( 2 , 1197)	( 0 , 9460)	( 1 , 1668)
0.0411813	0.658819	( 0 , 8538)	( 1 , 3832)
-0.0872596	0.78726	( 0 , 3550)	( 2 , 1855)
0.167215	0.532785	( 1 , 530)	( 0 , 5976)
0.094326	0.605674	( 2 , 8083)	( 2 , 193)
-0.0667207	0.766721	( 2 , 12474)	( 2 , 12303)
0.00189381	0.698106	( 2 , 3901)
0.0206737	0.679326	( 2 , 302)	( 1 , 1714)
0.0727861	0.627214	( 2 , 13773)	( 0 , 13675)
0.0993771	0.600623	( 2 , 8747)	( 0 , 7729)
0.0472657	0.652734	( 1 , 7408)	( 0 , 4523)
0.186911	0.513089
0.197792	0.502208	( 2 , 11635)
-0.0503	0.7503
0.175987	0.524013
0.211475	0.488525	( 0 , 11517)	( 2 , 3279)
-0.00443745	0.704437	( 1 , 6268)	( 0 , 19775)
0.00251953	0.69748	( 0 , 471)
0.043333	0.656667	( 0 , 11674)
0.0314139	0.668586	( 0 , 4232)	( 1 , 13705)
0.135466	0.564534
0.0333909	0.666609	( 2 , 4126)	( 0 , 6754)
-0.0438627	0.743863	( 2 , 7622)	( 1 , 882)	( 0 , 7141)
-0.0991342	0.799134	( 1 , 18143)
Number of m and q generated
100
