Original data file
Take number
95
Point to generate
30
Type of simulation
Point simulation with limits and noise
Begin time
2020-08-29 12:50:41
y	x
0.7	1
m	q	Noise points
-0.0233034	0.723303	( 1 , 436)
-0.091599	0.791599
0.177329	0.522671
-0.0219726	0.721973
-0.0663423	0.766342	( 0 , 6635)	( 1 , 16320)
0.192957	0.507043
0.203003	0.496997	( 0 , 11459)	( 0 , 6484)
0.0421474	0.657853	( 2 , 3703)	( 2 , 7979)	( 1 , 8666)
0.198263	0.501737	( 0 , 3058)	( 1 , 3178)
0.0170239	0.682976	( 2 , 9545)
-0.0580336	0.758034	( 2 , 1439)	( 1 , 10862)
0.100731	0.599269	( 1 , 14524)	( 0 , 13130)
0.110261	0.589739
-0.0642946	0.764295	( 2 , 12439)	( 0 , 790)
0.0815216	0.618478	( 2 , 8156)
0.154728	0.545272
0.219821	0.480179	( 0 , 14841)
-0.0893551	0.789355	( 2 , 6329)
0.16772	0.532279	( 0 , 19399)	( 1 , 13779)
0.0325752	0.667425
0.0920973	0.607903	( 0 , 2604)
0.0690193	0.630981	( 1 , 15740)
0.187163	0.512837	( 0 , 13018)	( 1 , 6898)
-0.0945997	0.7946	( 1 , 526)	( 0 , 10717)
-0.00882525	0.708825
0.218747	0.481253	( 1 , 4464)
0.213667	0.486333	( 1 , 1846)	( 2 , 3705)	( 0 , 7592)
0.054163	0.645837	( 0 , 8106)
0.0291366	0.670863
0.0783064	0.621694	( 2 , 9250)	( 2 , 17073)
Number of m and q generated
30
