Point to generaate
100
Take number
8
Type of simulation
Point simulation with limits and noise
Begin time
2020-08-27 23:16:59
y	x
0.7	1
m	q	Noise points
0.147155	0.552845	( 1 , 10540)	( 0 , 16971)
-0.0757946	0.775795	( 1 , 2783)	( 1 , 12461)
-0.0588482	0.758848	( 1 , 2144)	( 2 , 17235)
0.0829606	0.617039	( 0 , 19538)	( 2 , 3434)	( 1 , 10108)
0.0220743	0.677926	( 2 , 3004)
0.0134053	0.686595	( 0 , 8308)	( 2 , 18385)
0.173426	0.526574	( 2 , 684)	( 2 , 12554)
0.0542759	0.645724	( 2 , 18709)	( 0 , 14234)
-0.0990981	0.799098
0.132048	0.567952	( 0 , 2213)	( 1 , 9319)	( 2 , 1700)
0.0875645	0.612435	( 2 , 9500)
0.157149	0.542851	( 1 , 3756)
0.0326881	0.667312
-0.0467272	0.746727	( 0 , 3407)	( 1 , 8633)	( 0 , 17754)	( 1 , 4963)	( 2 , 333)
-0.0579669	0.757967	( 0 , 3910)	( 2 , 4615)
0.129691	0.570309	( 0 , 11277)
0.118562	0.581438	( 1 , 4008)
-0.0154773	0.715477
-0.0815677	0.781568	( 2 , 9363)	( 0 , 4656)
0.172776	0.527224	( 0 , 18632)	( 1 , 5271)
-0.0679323	0.767932	( 1 , 15250)
0.0314917	0.668508	( 0 , 16699)
0.212028	0.487972	( 1 , 10314)
0.217516	0.482484	( 1 , 10246)	( 0 , 19801)
0.151948	0.548052	( 2 , 3216)	( 1 , 19286)	( 0 , 18467)
0.048129	0.651871	( 0 , 19798)
0.193258	0.506742	( 2 , 1983)
0.0721988	0.627801	( 1 , 808)
-0.0848253	0.784825	( 2 , 10276)	( 0 , 12593)	( 1 , 13860)
0.156141	0.543859	( 2 , 9508)
0.106621	0.593379	( 2 , 11689)	( 0 , 13789)	( 1 , 12709)
-0.0475751	0.747575
0.0307043	0.669296	( 0 , 16234)	( 2 , 1225)	( 0 , 9886)
0.0654818	0.634518	( 2 , 1333)	( 0 , 13624)
-0.0513471	0.751347	( 2 , 4264)
0.18975	0.51025	( 1 , 12187)
0.134035	0.565965	( 1 , 14154)
-0.0836459	0.783646
0.100923	0.599077	( 0 , 19595)
0.127537	0.572463	( 1 , 13165)
0.227854	0.472146	( 1 , 18382)	( 2 , 10161)
0.0792725	0.620727	( 2 , 1545)	( 1 , 18775)
0.174268	0.525732	( 0 , 19051)
-0.0951641	0.795164	( 2 , 9681)
0.134378	0.565622	( 0 , 13844)
-0.0503056	0.750306
0.182659	0.517341	( 1 , 4862)
0.187443	0.512557	( 1 , 9363)	( 1 , 4400)
0.125399	0.574601
0.0812382	0.618762	( 1 , 10641)
0.205075	0.494925	( 1 , 1914)
0.100037	0.599963	( 2 , 2033)
-0.0186373	0.718637	( 2 , 13618)	( 1 , 3894)
-0.0770035	0.777003	( 2 , 5894)	( 0 , 4199)
-0.0286265	0.728626
0.182421	0.517579
0.101844	0.598156	( 2 , 11406)	( 2 , 7390)	( 1 , 10087)
0.193023	0.506977	( 2 , 19714)	( 1 , 12224)	( 0 , 12493)
0.194379	0.505621	( 0 , 8885)	( 0 , 3348)
-0.0509951	0.750995	( 0 , 9843)
0.117527	0.582473	( 1 , 14846)
-0.0662273	0.766227
0.140823	0.559177	( 0 , 11501)
0.169268	0.530732	( 1 , 16947)
-0.015488	0.715488	( 0 , 12330)	( 1 , 13881)
0.122432	0.577568	( 0 , 1746)	( 2 , 11335)
0.0947525	0.605247
0.16352	0.53648	( 0 , 8080)	( 0 , 6234)	( 1 , 15076)
0.123958	0.576042	( 1 , 4535)
-0.0123209	0.712321	( 1 , 18932)
0.147808	0.552192	( 2 , 3125)	( 1 , 9985)
-0.0103151	0.710315	( 0 , 15698)	( 1 , 7488)
-0.0645682	0.764568	( 1 , 10373)	( 2 , 3312)
-0.0296238	0.729624
0.173794	0.526206	( 0 , 10526)	( 2 , 4066)
-0.0784354	0.778435	( 2 , 6158)
0.131587	0.568413	( 1 , 8503)
0.0899457	0.610054	( 1 , 12953)	( 0 , 13504)
0.0202795	0.679721	( 1 , 3198)	( 0 , 14510)
-0.00988934	0.709889	( 2 , 15019)
0.00784263	0.692157	( 0 , 19729)	( 1 , 8415)
-0.0528241	0.752824	( 2 , 8244)
0.20067	0.49933	( 2 , 14011)
0.0501461	0.649854	( 2 , 1787)	( 1 , 13389)
0.126517	0.573483	( 1 , 6972)	( 0 , 10622)
0.0042253	0.695775
-0.0892337	0.789234	( 1 , 9909)	( 0 , 4277)
0.00968912	0.690311	( 2 , 2895)
0.144518	0.555482	( 2 , 7184)
0.0430307	0.656969	( 2 , 4014)	( 1 , 15580)
-0.0101783	0.710178	( 2 , 1608)	( 0 , 8515)
0.0578594	0.642141	( 1 , 6624)	( 0 , 12920)
0.0751013	0.624899
0.19396	0.50604	( 1 , 12032)	( 1 , 1274)	( 0 , 10541)	( 2 , 6976)
0.0615655	0.638434
0.131985	0.568015	( 1 , 9312)	( 2 , 14444)	( 0 , 4705)	( 1 , 2765)
0.21276	0.48724	( 1 , 18268)
0.171547	0.528453	( 2 , 14602)
0.160419	0.539581
0.107822	0.592178
Number of m and q generated
100
