Point to generaate
10
Take number
7
Type of simulation
Point simulation with limits and noise
Begin time
2020-08-03 13:30:07
y	x
0.7	1
m	q	Noise points
0.209522	0.490478	( 0 , 5016)	( 1 , 8404)	( 1 , 1810)	( 2 , 4079)	( 2 , 2223)
0.229356	0.470644	( 0 , 16822)	( 1 , 15166)	( 2 , 4632)	( 2 , 10005)	( 2 , 17122)
0.0792252	0.620775	( 1 , 16970)	( 1 , 10669)	( 1 , 7990)	( 2 , 14765)	( 2 , 15199)
-0.0441985	0.744199	( 0 , 2819)	( 1 , 14380)	( 1 , 9001)	( 2 , 11874)	( 2 , 17312)
-0.0603599	0.76036	( 0 , 9376)	( 0 , 17140)	( 1 , 18324)	( 1 , 9699)	( 1 , 10956)	( 1 , 18529)	( 2 , 2133)
0.155008	0.544992	( 0 , 13411)	( 0 , 15172)	( 1 , 1707)	( 1 , 14406)	( 2 , 1237)	( 2 , 19789)
-0.0392435	0.739243	( 0 , 3892)	( 0 , 2052)	( 0 , 15340)	( 1 , 166)	( 2 , 4299)	( 2 , 10253)
0.0299969	0.670003	( 0 , 5983)	( 0 , 9477)	( 0 , 5888)	( 0 , 18580)	( 1 , 3100)	( 1 , 7802)	( 1 , 17598)	( 1 , 8926)	( 2 , 14022)	( 2 , 10925)	( 2 , 11743)
-0.0237614	0.723761	( 0 , 3668)	( 1 , 16272)	( 1 , 11380)	( 2 , 8741)	( 2 , 2912)	( 2 , 8194)
0.213363	0.486637	( 0 , 13435)	( 0 , 16064)	( 1 , 1062)	( 1 , 18416)	( 2 , 6601)	( 2 , 18085)	( 2 , 3167)
Number of m and q generated
11
