Point to generaate
10
Take number
18
Type of simulation
Point simulation with limits and noise
Begin time
2020-08-07 11:51:10
y	x
0.7	1
m	q	Noise points
0.127252	0.572748	( 0 , 16576)	( 1 , 8657)
-0.00959321	0.709593	( 0 , 10472)	( 1 , 4698)
0.19956	0.50044	( 1 , 7414)
-0.097607	0.797607	( 0 , 19673)	( 0 , 16511)	( 2 , 9549)
0.153311	0.546689	( 1 , 3369)	( 1 , 13236)
0.217014	0.482986	( 0 , 18376)	( 2 , 837)	( 2 , 746)
0.0699736	0.630026	( 0 , 9616)	( 1 , 8199)	( 2 , 18345)
0.00997462	0.690025	( 0 , 14192)	( 1 , 16790)	( 1 , 12187)	( 1 , 18354)
0.184259	0.515741	( 0 , 5974)
-0.00278857	0.702789	( 1 , 6261)	( 2 , 3811)	( 2 , 10305)
Number of m and q generated
11
