Point to generaate
10
Take number
12
Type of simulation
Point simulation with limits and noise
Begin time
2020-08-27 23:43:43
y	x
0.7	1
m	q	Noise points
0.122798	0.577202	( 1 , 12295)	( 0 , 12407)	( 2 , 1274)
0.165395	0.534605	( 0 , 3424)	( 1 , 10120)	( 2 , 12724)
0.139414	0.560586	( 1 , 19559)	( 0 , 9239)	( 0 , 4388)
0.058833	0.641167	( 1 , 9614)	( 0 , 17638)
0.145989	0.554011	( 0 , 6848)	( 1 , 5662)
0.00107937	0.698921	( 0 , 1261)
0.225034	0.474966	( 0 , 4436)	( 2 , 17871)
0.051501	0.648499	( 1 , 18581)	( 0 , 3417)
0.122863	0.577137	( 2 , 7952)	( 1 , 13838)	( 0 , 7710)
0.000788824	0.699211	( 0 , 14240)	( 1 , 1729)	( 1 , 19547)
Number of m and q generated
10
