Point to generaate
10
Take number
16
Type of simulation
Point simulation with limits and noise
Begin time
2020-08-07 11:47:42
y	x
0.7	1
m	q	Noise points
0.00620722	0.693793	( 1 , 4935)	( 2 , 2189)	( 2 , 17441)
0.20536	0.49464	( 1 , 15473)
0.0951921	0.604808	( 0 , 15069)	( 2 , 8315)
0.106483	0.593516	( 0 , 3365)	( 1 , 12254)	( 1 , 9075)	( 2 , 6137)
0.198146	0.501854	( 2 , 10476)
0.155546	0.544454	( 2 , 11136)
0.0208006	0.679199	( 0 , 4077)	( 0 , 265)	( 0 , 15738)	( 2 , 5410)
0.0282851	0.671715	( 0 , 12778)	( 2 , 13329)
0.18367	0.51633	( 0 , 8825)	( 1 , 7335)	( 2 , 17339)
-0.0611907	0.761191	( 0 , 1516)	( 1 , 7610)	( 1 , 4795)
Number of m and q generated
11
