Original data file
Take number
88
Point to generate
50
Type of simulation
Point simulation with limits and noise
Begin time
2020-08-29 12:37:27
y	x
0.7	1
m	q	Noise points
0.103093	0.596907	( 2 , 19496)	( 0 , 9701)
0.233241	0.466759	( 2 , 8987)
0.0266139	0.673386	( 0 , 4589)
0.00239399	0.697606	( 2 , 13101)	( 2 , 2207)
0.196649	0.503351
0.114888	0.585112
-0.0520051	0.752005	( 0 , 16674)
0.219571	0.480429	( 1 , 12005)	( 0 , 13797)
-0.00538597	0.705386	( 2 , 17194)	( 1 , 11310)
0.0553041	0.644696	( 2 , 13297)	( 0 , 1112)
0.0905555	0.609444	( 1 , 12764)
0.0922203	0.60778	( 0 , 7535)	( 0 , 13229)	( 2 , 10408)
0.0626474	0.637353	( 0 , 4696)
0.174774	0.525226	( 2 , 15591)	( 0 , 18294)
0.0513528	0.648647	( 2 , 9930)	( 1 , 5790)	( 0 , 9873)
0.0687312	0.631269	( 1 , 18519)	( 0 , 11561)
-0.00518763	0.705188
0.00244021	0.69756
0.0624983	0.637502	( 1 , 12319)	( 2 , 4517)
0.00305523	0.696945
0.0820539	0.617946	( 1 , 9449)	( 2 , 12376)	( 2 , 547)
0.0538451	0.646155	( 1 , 14888)	( 2 , 16301)	( 0 , 6150)
-0.0866573	0.786657	( 1 , 12205)	( 0 , 8084)
-0.0206501	0.72065	( 2 , 8639)
-0.0171488	0.717149	( 0 , 15294)
-0.0816847	0.781685	( 1 , 7432)
0.0931297	0.60687	( 0 , 4055)	( 1 , 1284)
-0.0452813	0.745281
0.0474359	0.652564	( 0 , 5773)
0.00275038	0.69725
0.0360729	0.663927	( 1 , 18614)
-0.0522841	0.752284	( 0 , 9296)	( 2 , 6382)
0.040144	0.659856	( 0 , 1159)	( 2 , 19841)
-0.0751053	0.775105	( 1 , 3022)
-0.0565869	0.756587
-0.00640199	0.706402
-0.0731508	0.773151
-0.0913965	0.791396	( 2 , 15786)
0.162736	0.537264	( 2 , 16621)
0.0943546	0.605645	( 0 , 3436)
0.00898768	0.691012	( 0 , 15073)	( 1 , 6655)	( 2 , 726)	( 2 , 10453)
0.0279636	0.672036	( 1 , 9779)
0.0326562	0.667344
0.0662979	0.633702	( 1 , 2450)
-0.00640187	0.706402	( 2 , 15753)
-0.0712339	0.771234	( 1 , 16084)	( 0 , 11362)
0.187959	0.512041	( 0 , 3426)
0.123042	0.576958
-0.0978711	0.797871	( 1 , 19904)
0.102537	0.597463	( 2 , 4723)
Number of m and q generated
50
