Original data file
Take number
96
Point to generate
30
Type of simulation
Point simulation with limits and noise
Begin time
2020-08-29 12:52:49
y	x
0.7	1
m	q	Noise points
0.032368	0.667632	( 0 , 6562)	( 2 , 10561)	( 1 , 19669)
-0.0287617	0.728762	( 2 , 16463)
0.212589	0.487411
0.171277	0.528723
0.11678	0.58322	( 2 , 15343)
0.121685	0.578315	( 0 , 15751)
0.00591789	0.694082	( 2 , 15581)
0.114175	0.585825	( 0 , 14481)
0.0839109	0.616089	( 1 , 8245)	( 2 , 9214)
0.0782484	0.621752	( 2 , 3662)	( 1 , 12221)	( 0 , 3316)
-0.0694157	0.769416	( 2 , 12664)
0.181481	0.518519	( 1 , 7423)
0.0979913	0.602009	( 2 , 14954)	( 0 , 8596)
0.021178	0.678822	( 0 , 10000)	( 0 , 17950)
0.0338323	0.666168	( 0 , 1167)
0.20855	0.49145	( 1 , 5758)	( 2 , 6951)	( 0 , 3653)
0.151834	0.548166	( 2 , 18947)	( 2 , 171)	( 0 , 19327)
0.0873066	0.612693	( 1 , 19612)
-0.0280507	0.728051	( 2 , 12635)	( 0 , 14160)
0.0971382	0.602862	( 0 , 13921)	( 0 , 5023)
0.0452783	0.654722	( 1 , 17973)
0.11475	0.58525	( 1 , 18453)
-0.0237675	0.723768	( 0 , 5811)
0.0429723	0.657028	( 2 , 5593)	( 0 , 4796)
-0.0362514	0.736251	( 2 , 5922)	( 0 , 11202)
0.0288965	0.671103	( 0 , 14327)
0.0575036	0.642496	( 1 , 18396)	( 1 , 19459)
-0.0394737	0.739474	( 1 , 12451)	( 2 , 4406)	( 0 , 19417)
0.0908144	0.609186	( 2 , 4079)
-0.0538987	0.753899	( 0 , 1657)
Number of m and q generated
30
